%YAML:1.0
---
camera_name: katwijk_left
image_width: 1024
image_height: 768
camera_matrix:
   rows: 3
   cols: 3
   data: [ 784.62872806, 0.0000000000000000e+00, 486.3885498, 0.0000000000000000e+00, 784.62872806, 398.7325592, 0.0000000000000000e+00, 0.0000000000000000e+00, 1.0000000000000000e+00 ]
distortion_coefficients:
   rows: 1
   cols: 4
   data: [ 0.0000000000000000e+00, 0.0000000000000000e+00, 0.0000000000000000e+00, 0.0000000000000000e+00 ]
distortion_model: plumb_bob
rectification_matrix:
   rows: 3
   cols: 3
   data: [ 1.0000000000000000e+00, 0.0000000000000000e+00, 0.0000000000000000e+00, 0.0000000000000000e+00, 1.0000000000000000e+00, 0.0000000000000000e+00, 0.0000000000000000e+00, 0.0000000000000000e+00, 1.0000000000000000e+00 ]
projection_matrix:
   rows: 3
   cols: 4
   data: [ 784.62872806, 0.0000000000000000e+00, 486.3885498, 0.0000000000000000e+00, 0.0000000000000000e+00, 784.62872806, 398.7325592, 0.0000000000000000e+00, 0.0000000000000000e+00, 0.0000000000000000e+00, 1.0000000000000000e+00, 0.0000000000000000e+00 ]
